		   0 0 0 0 x x 
                   2 0 0 0 0 0 
                1000 0 0 1 0 0 
                1002 0 0 1 0 1 
                2000 0 1 0 0 1 
                3000 0 1 1 0 1 
                3002 0 1 1 1 1 
                3003 0 1 1 1 0 
                4000 1 0 0 1 0 
                4002 1 0 0 0 0 
                4003 1 0 0 0 1 
                5000 1 0 1 0 1 
                5002 1 0 1 1 1 
                5003 1 0 1 1 0 
                6000 1 1 0 1 0 
                6002 1 1 0 1 x 
                6003 1 1 0 1 0 
                7000 1 1 1 1 0 
                7002 1 1 1 1 x 
                7003 1 1 1 1 1 
